2000 80
75
57
47
23
62
80
47
45
5
79
17
78
15
24
54
33
40
34
72
8
29
38
8
56
25
54
23
37
16
18
38
47
80
18
79
45
76
17
36
54
73
19
69
21
70
17
51
7
76
30
78
48
51
43
48
51
14
63
48
13
58
43
76
34
47
47
78
39
9
66
49
11
19
44
26
2
26
61
69
79
69
72
7
54
70
22
23
60
69
27
53
77
70
43
61
24
61
65
19
43
41
33
62
49
15
18
25
70
2
65
11
45
58
16
73
43
8
31
42
15
45
23
45
40
17
76
71
17
53
37
23
72
75
62
53
11
62
41
47
80
34
59
42
60
8
33
59
76
64
7
6
56
25
15
56
7
75
3
45
8
28
14
40
57
8
53
17
73
28
12
42
69
61
28
49
78
34
8
35
80
32
14
12
59
69
12
33
6
28
57
79
37
73
79
6
2
17
2
17
11
44
19
7
19
67
6
44
63
9
56
28
17
16
35
74
30
79
28
30
15
7
10
52
43
73
80
45
4
57
43
79
73
38
78
46
62
79
68
6
8
56
9
62
3
78
13
19
40
60
60
38
52
52
32
14
34
46
57
47
37
72
54
71
66
47
78
19
74
45
33
43
35
21
33
58
18
11
14
80
26
3
63
19
63
26
3
40
21
13
6
24
14
14
9
68
19
8
63
10
31
79
15
32
48
20
11
42
34
80
22
79
16
33
22
23
8
11
51
26
22
21
71
52
71
3
27
74
31
28
60
74
29
65
75
3
14
29
51
80
5
37
67
9
71
22
30
77
79
38
77
76
47
62
32
30
73
10
80
20
29
59
73
48
77
6
25
7
46
27
34
9
49
34
23
64
42
46
75
49
22
74
26
19
49
62
25
46
69
5
67
53
66
38
37
79
9
46
24
46
30
3
79
18
67
6
9
59
64
40
60
36
49
37
38
38
53
16
19
72
31
66
55
5
22
12
50
67
41
60
25
71
10
67
20
75
20
26
57
73
68
62
34
13
22
40
23
47
44
68
78
17
34
79
51
77
56
22
67
73
53
74
5
8
12
11
35
2
79
55
29
27
49
24
49
57
18
3
3
59
53
16
18
56
65
3
17
30
51
59
63
76
46
39
49
54
73
22
10
23
23
45
26
21
58
71
67
56
23
39
10
28
68
29
45
18
16
34
17
32
66
4
48
70
17
76
47
66
6
11
37
35
8
48
68
16
20
15
29
24
40
80
21
17
49
1
5
52
62
18
22
53
59
61
35
41
5
34
60
11
76
68
11
75
41
17
9
32
5
55
40
40
16
10
49
17
4
17
74
22
72
14
43
57
67
24
50
29
72
43
48
11
37
1
44
66
56
28
51
22
2
77
40
4
30
11
55
8
16
51
71
73
66
45
21
19
3
76
54
32
45
3
51
77
50
79
51
64
30
75
35
35
66
25
18
10
24
59
43
51
79
68
29
21
62
5
77
22
68
54
30
67
45
71
36
73
36
70
15
73
51
25
6
41
25
48
49
74
68
25
33
33
34
37
76
60
41
19
57
48
17
9
60
47
69
3
37
8
3
6
49
72
45
71
46
52
4
53
19
6
71
76
65
43
39
54
62
34
77
50
47
55
58
6
9
65
58
40
55
37
34
57
46
60
77
41
67
79
33
70
39
56
58
32
49
78
17
49
10
4
56
73
78
49
58
5
25
7
51
45
55
23
44
78
15
61
61
36
6
18
54
12
44
6
43
44
28
67
17
53
74
70
59
70
28
18
38
13
12
68
55
48
36
64
34
63
8
48
55
7
26
26
52
2
54
34
73
41
68
12
55
70
5
21
72
51
8
65
14
38
29
72
76
11
31
74
36
56
41
63
53
70
16
70
33
35
46
51
22
72
27
80
5
75
26
63
17
17
13
72
75
12
50
11
7
73
65
39
37
80
28
78
10
11
72
53
14
72
48
29
9
28
6
42
68
5
30
42
71
26
20
20
42
58
28
2
53
20
42
41
76
29
10
51
31
77
39
8
36
33
47
37
41
3
28
13
14
78
9
53
80
32
51
54
51
5
43
70
6
12
52
38
68
19
77
3
49
5
75
16
6
34
4
78
31
15
78
71
7
29
43
49
9
70
73
64
62
74
60
37
76
11
48
79
10
3
20
37
24
50
61
35
71
45
29
23
52
57
29
39
24
15
35
63
9
78
53
15
12
24
21
12
31
70
42
58
61
39
63
69
45
63
67
66
14
45
26
14
33
1
3
12
13
28
79
75
6
44
25
37
18
72
18
42
73
39
8
71
35
54
28
74
18
54
79
4
79
77
28
35
50
15
59
80
18
26
39
25
26
29
13
11
77
9
45
59
35
80
48
51
45
19
48
29
46
56
24
10
2
36
64
49
66
35
51
35
46
50
61
21
64
34
5
4
42
39
36
31
45
6
68
62
36
30
40
17
78
39
6
73
46
79
34
64
26
7
36
66
19
38
28
60
80
2
19
77
69
63
49
61
26
22
75
4
9
48
47
19
76
43
74
56
5
49
22
10
68
34
11
17
48
6
43
52
69
32
11
22
76
79
79
4
54
48
68
45
30
12
33
67
22
75
44
32
57
42
76
63
52
74
1
43
71
51
25
44
3
39
75
29
76
80
13
24
20
20
36
62
1
34
28
17
49
27
36
70
25
23
67
46
23
16
6
42
11
17
49
1
19
5
79
62
43
55
22
57
46
11
23
38
18
1
23
13
64
5
46
48
29
10
79
61
43
49
21
57
67
62
21
31
54
18
50
54
25
47
30
55
16
17
5
15
11
52
50
4
79
14
50
67
40
1
67
33
61
72
76
6
18
62
57
80
68
48
6
12
47
38
24
72
2
66
55
16
61
34
52
57
16
64
2
41
56
41
43
31
49
14
69
31
16
80
54
59
53
34
4
48
22
71
54
80
20
3
36
34
67
63
52
13
15
60
24
70
65
23
64
38
66
57
53
13
46
24
55
31
50
13
64
72
64
74
76
50
4
9
11
74
28
11
16
43
69
34
49
2
54
13
78
16
37
10
10
19
23
77
78
67
28
51
56
33
8
69
49
30
77
36
74
63
22
33
45
65
21
1
32
78
53
34
75
76
22
12
16
42
32
6
67
6
2
29
24
26
71
27
71
23
19
62
55
51
1
36
43
57
37
56
65
14
9
43
48
24
2
57
7
61
51
8
74
30
38
3
42
32
69
65
16
17
53
41
29
75
78
2
26
37
10
14
12
55
30
63
64
68
14
57
28
30
50
50
74
40
71
74
3
37
41
55
22
18
48
58
43
7
73
48
73
45
76
64
40
75
70
54
73
36
59
37
53
74
64
30
42
28
8
28
49
16
68
9
18
32
72
32
11
53
52
65
6
4
55
33
64
51
36
79
1
17
13
40
9
67
78
14
45
8
65
23
63
44
78
65
4
76
33
72
62
11
32
36
14
21
80
28
38
44
77
17
40
44
51
39
27
1
70
79
17
19
37
22
21
79
55
34
24
30
56
41
14
49
22
63
30
79
6
43
77
10
17
25
59
67
27
35
55
71
70
22
28
22
22
11
33
66
63
40
15
48
45
55
43
34
27
3
57
37
1
73
4
66
80
80
13
42
12
8
56
23
26
3
6
43
78
80
33
13
63
29
4
39
46
79
58
9
2
9
13
21
16
33
48
43
51
4
44
63
79
75
2
29
52
7
3
59
70
10
35
65
28
10
30
48
77
37
54
63
22
55
23
60
65
20
51
64
64
36
76
15
35
38
29
73
33
39
29
39
38
37
45
15
52
79
27
31
67
2
53
42
53
63
12
46
19
60
78
20
8
32
33
7
36
80
59
63
58
62
73
24
57
24
35
7
65
30
40
47
54
38
34
44
13
13
17
78
32
19
21
56
28
16
80
35
45
64
4
54
11
35
50
70
43
49
2
69
72
77
26
3
10
32
60
66
35
23
20
54
7
15
1
46
47
77
51
63
52
16
68
11
14
29
76
34
28
1
48
30
72
52
27
23
47
60
55
47
44
73
20
78
2
52
52
21
77
50
18
6
58
70
66
26
65
38
67
8
15
76
74
78
69
74
76
26
3
68
23
13
29
11
22
9
9
47
38
4
7
27
52
42
11
32
55
22
71
27
10
24
17
23
75
6
33
30
77
19
73
5
46
80
25
26
55
78
5
58
25
20
66
37
31
7
32
49
56
34
65
36
50
71
38
25
42
38
67
30
23
14
31
57
19
47
3
8
69
59
15
9
26
30
43
38
63
16
71
20
1
2
24
74
79
56
5
80
20
61
6
52
66
14
69
46
76
45
15
2
53
44
65
46
31
67
27
29
24
64
76
17
15
51
71
76
44
6
41
52
50
37
22
64
1
56
59
62
47
29
27
37
18
51
42
48
19
47
41
5
16
49
6
75
15
12
49
46
34
80
25
33
58
5
50
52
17
12
1
80
29
13
54
51
20
59
10
47
15
15
50
2
38
28
37
54
49
63
39
62
80
54
37
5
69
55
30
36
57
60
76
47
9
79
35
